0
0
255
255
188
2
0
0
0
0
169
112
41
108
15
138
112
153
107
15
164
112
55
107
15
69
112
135
106
15
148
112
111
100
15
171
112
71
99
15
72
112
155
98
15
100
112
33
97
15
194
112
145
91
15
195
112
52
83
15
234
112
203
82
15
143
112
213
81
15
216
112
166
76
15
192
112
243
66
15
93
112
44
18
15
170
112
69
11
15
114
112
157
2
15
110
96
200
245
15
97
96
148
242
15
167
96
144
240
15
107
96
6
235
15
119
96
240
226
15
164
96
6
220
15
184
96
2
211
15
156
96
231
209
15
129
96
106
203
15
103
96
160
186
15
137
96
82
154
15
182
96
185
147
15
104
96
74
146
15
76
96
211
139
15
91
96
153
138
15
168
96
74
136
15
175
96
140
120
15
155
96
185
106
15
219
96
203
104
15
67
96
180
98
15
141
96
223
75
15
113
96
197
74
15
151
96
75
69
15
125
96
149
66
15
138
96
56
42
15
190
96
84
40
15
171
96
33
37
15
138
96
227
35
15
144
96
70
35
15
78
96
168
34
15
102
96
168
26
15
105
96
228
21
15
189
96
186
19
15
129
96
180
18
15
224
96
137
12
15
97
96
157
11
15
125
96
155
10
15
151
96
244
4
15
158
96
158
3
15
127
96
221
2
15
185
80
224
237
15
182
80
169
236
15
128
80
179
233
15
142
80
33
232
15
130
80
136
226
15
109
80
129
219
15
128
80
139
218
15
145
80
69
216
15
101
80
87
213
15
102
80
174
211
15
90
80
235
210
15
185
80
173
203
15
81
80
198
202
15
170
80
164
195
15
122
80
221
194
15
195
80
72
189
15
188
80
216
187
15
178
80
20
179
15
184
80
130
177
15
156
80
4
173
15
200
80
148
171
15
156
80
88
170
15
171
80
239
164
15
122
80
198
162
15
180
80
40
155
15
127
80
75
154
15
161
80
235
148
15
169
80
199
147
15
112
80
119
146
15
146
80
48
141
15
93
80
22
139
15
134
80
175
130
15
142
80
195
122
15
184
80
52
117
15
152
80
46
115
15
88
80
146
114
15
144
80
59
109
15
127
80
222
107
15
75
80
136
106
15
59
80
131
104
15
83
80
246
100
15
154
80
221
99
15
224
80
5
99
15
141
80
155
97
15
182
80
230
93
15
148
80
209
91
15
90
80
192
90
15
173
80
30
85
15
171
80
180
83
15
87
80
182
82
15
189
80
16
77
15
169
80
155
74
15
168
80
195
67
15
108
80
111
66
15
158
80
35
61
15
151
80
186
60
15
171
80
131
59
15
100
80
135
58
15
165
80
82
56
15
122
80
128
51
15
87
80
162
50
15
122
80
214
49
15
147
80
21
45
15
101
80
215
43
15
94
80
209
42
15
191
80
220
37
15
157
80
133
36
15
82
80
167
35
15
105
80
150
34
15
176
80
57
32
15
183
80
88
28
15
110
80
198
26
15
155
80
198
21
15
70
80
0
20
15
85
80
212
18
15
145
80
37
10
15
184
80
107
4
15
187
80
54
2
15
176
64
2
245
15
99
64
8
243
15
132
64
41
242
15
165
64
19
240
15
68
64
239
234
15
130
64
39
234
15
189
64
247
227
15
212
64
111
227
15
70
64
169
226
15
155
64
30
221
15
100
64
206
218
15
128
64
2
213
15
159
64
25
211
15
230
64
176
204
15
214
64
225
203
15
180
64
67
202
15
73
64
59
195
15
208
64
197
187
15
137
64
9
186
15
152
64
18
181
15
176
64
108
179
15
109
64
84
178
15
188
64
246
171
15
133
64
173
170
15
177
64
79
168
15
134
64
244
163
15
57
64
232
162
15
66
64
196
160
15
62
64
210
156
15
99
64
169
155
15
104
64
228
154
15
168
64
206
147
15
95
64
194
146
15
164
64
220
139
15
96
64
9
138
15
159
64
215
136
15
155
64
49
130
15
178
64
44
123
15
112
64
6
122
15
120
64
48
116
15
128
64
175
114
15
145
64
228
108
15
51
64
175
107
15
52
64
226
106
15
84
64
120
99
15
50
64
222
98
15
139
64
83
97
15
130
64
99
92
15
97
64
68
90
15
181
64
172
83
15
145
64
38
82
15
115
64
81
74
15
191
64
199
67
15
223
64
185
66
15
114
64
245
65
15
155
64
228
59
15
120
64
197
58
15
157
64
155
53
15
143
64
40
53
15
163
64
116
51
15
163
64
210
50
15
213
64
203
44
15
188
64
132
43
15
190
64
199
35
15
94
64
179
34
15
157
64
122
29
15
188
64
153
27
15
72
64
70
26
15
198
64
78
21
15
223
64
243
19
15
129
64
147
18
15
173
64
215
12
15
214
64
205
11
15
159
64
237
10
15
149
64
235
9
15
105
64
179
3
15
102
64
204
2
15
174
48
24
237
15
153
48
161
235
15
87
48
235
234
15
157
48
232
232
15
125
48
120
227
15
210
48
162
224
15
181
48
183
219
15
164
48
183
218
15
135
48
196
217
15
121
48
51
211
15
103
48
55
210
15
166
48
167
205
15
206
48
122
204
15
156
48
123
203
15
144
48
30
202
15
193
48
84
197
15
128
48
232
195
15
211
48
9
195
15
133
48
37
194
15
207
48
43
192
15
183
48
170
188
15
179
48
40
187
15
157
48
159
185
15
180
48
154
181
15
203
48
159
180
15
102
48
147
179
15
130
48
163
178
15
171
48
246
172
15
110
48
77
171
15
129
48
210
163
15
149
48
118
162
15
119
48
150
161
15
139
48
205
156
15
155
48
40
155
15
153
48
37
154
15
181
48
155
149
15
174
48
79
147
15
108
48
21
146
15
162
48
211
144
15
87
48
90
141
15
63
48
165
140
15
77
48
22
140
15
90
48
218
137
15
170
48
43
136
15
195
48
103
133
15
130
48
142
130
15
174
48
146
124
15
157
48
137
123
15
144
48
169
122
15
176
48
89
120
15
165
48
241
117
15
1
49
222
108
15
244
48
240
107
15
90
48
26
106
15
203
48
73
100
15
8
49
98
99
15
109
48
143
97
15
173
48
128
92
15
205
48
120
91
15
126
48
69
90
15
209
48
54
85
15
139
48
208
83
15
127
48
178
82
15
74
48
146
75
15
132
48
69
74
15
223
48
78
72
15
146
48
204
69
15
109
48
149
67
15
122
48
237
66
15
175
48
128
64
15
168
48
52
61
15
128
48
157
59
15
61
48
157
58
15
172
48
58
56
15
178
48
96
53
15
113
48
45
51
15
122
48
215
44
15
122
48
105
42
15
165
48
132
36
15
164
48
162
35
15
81
48
73
34
15
107
48
0
33
15
122
48
217
29
15
155
48
198
28
15
134
48
197
27
15
73
48
237
25
15
118
48
14
24
15
177
48
167
20
15
204
48
198
19
15
100
48
195
18
15
149
48
139
17
15
174
48
58
16
15
198
48
29
13
15
73
48
22
12
15
127
48
7
11
15
203
48
171
5
15
184
48
6
4
15
84
48
5
3
15
204
48
80
0
15
165
32
211
243
15
130
32
15
243
15
111
32
22
242
15
185
32
214
240
15
191
32
43
240
15
147
32
86
237
15
153
32
130
236
15
163
32
205
235
15
177
32
179
234
15
105
32
161
233
15
143
32
195
232
15
191
32
12
232
15
137
32
171
228
15
58
32
121
227
15
140
32
187
226
15
129
32
185
225
15
161
32
27
224
15
191
32
133
220
15
88
32
198
219
15
108
32
177
217
15
180
32
83
216
15
165
32
158
212
15
198
32
90
210
15
135
32
110
209
15
176
32
104
208
15
186
32
237
204
15
150
32
133
202
15
225
32
239
200
15
195
32
217
196
15
65
32
48
195
15
135
32
15
194
15
180
32
31
189
15
191
32
172
188
15
116
32
237
187
15
109
32
24
186
15
88
32
53
184
15
144
32
153
180
15
170
32
4
179
15
172
32
141
177
15
135
32
128
173
15
128
32
136
172
15
58
32
44
171
15
136
32
25
170
15
193
32
178
165
15
152
32
70
164
15
55
32
240
161
15
122
32
187
157
15
84
32
151
156
15
109
32
5
155
15
83
32
103
153
15
201
32
86
149
15
86
32
165
147
15
0
0
0
0
0
0
0
0
0
0
0
0
0
0
0
0
0
0
0
0
0
0
0
0
0
0
0
0
0
0
0
0
0
0
0
0
0
0
0
0
0
0
0
0
0
0
0
0
0
0
0
0
0
0
0
0
0
0
0
0
0
0
0
0
0
0
0
0
0
0
0
0
0
0
0
0
0
0
0
0
0
0
0
0
0
0
0
0
0
0
0
0
0
0
0
0
0
0
0
0
0
0
0
0
0
0
0
0
0
0
0
0
0
0
0
0
0
0
0
0
0
0
0
0
0
0
0
0
0
0
0
0
0
0
0
0
0
0
0
0
0
0
0
0
0
0
0
0
0
0
0
0
0
0
0
0
0
0
0
0
0
0
0
0
0
0
0
0
0
0
0
0
0
0
0
0
0
0
0
0
0
0
0
0
0
0
0
0
0
0
0
0
0
0
0
0
0
0
0
0
0
0
0
0
0
0
0
0
0
0
0
0
0
0
0
0
0
0
0
0
0
0
0
0
0
0
0
0
0
0
0
0
0
0
0
0
0
0
0
0
0
0
0
0
0
0
0
0
0
0
0
0
0
0
0
0
0
0
0
0
0
0
0
0
0
0
0
0
0
0
0
0
0
0
0
0
0
0
0
0
0
0
0
0
0
0
0
0
0
0
0
0
0
0
0
0
0
0
0
0
0
0
0
0
0
0
0
0
0
0
0
0
0
0
0
0
0
0
0
0
0
0
0
0
0
0
0
0
0
0
0
0
0
0
0
0
0
0
0
0
0
0
0
0
0
0
0
0
0
0
0
0
0
0
0
0
0
0
0
0
0
0
0
0
0
0
0
0
0
0
0
0
0
0
0
0
0
0
0
0
0
0
0
0
0
0
0
0
0
0
0
0
0
0
0
0
0
0
0
0
0
0
0
0
0
0
0
0
0
0
0
0
0
0
0
0
0
0
0
0
0
0
0
0
0
0
0
0
0
0
0
0
0
0
0
0
0
0
0
0
0
0
0
0
0
0
0
0
0
0
0
0
0
0
0
0
0
0
0
0
0
0
0
0
0
0
0
0
0
0
0
0
0
0
0
0
0
0
0
0
0
0
0
0
0
0
0
0
0
0
0
0
0
0
0
0
0
0
0
0
0
0
0
0
0
0
0
0
0
0
0
0
0
0
0
0
0
0
0
0
0
0
0
0
0
0
0
0
0
0
0
0
0
0
0
0
0
0
0
0
0
0
0
0
0
0
0
0
0
0
0
0
0
0
0
0
0
0
0
0
0
0
0
0
0
0
0
0
0
0
0
0
0
0
0
0
0
0
0
0
0
0
0
0
0
0
0
0
0
0
0
0
0
0
0
0
0
0
0
0
0
0
0
0
0
0
0
0
0
0
0
0
0
0
0
0
0
0
0
0
0
0
0
0
0
0
0
0
0
0
0
0
0
0
0
0
0
0
0
0
0
0
0
0
0
0
0
0
0
0
0
0
0
0
0
0
0
0
0
0
0
0
0
0
0
0
0
0
0
0
0
0
0
0
0
0
0
0
0
0
0
0
0
0
0
0
0
0
0
0
0
0
0
0
0
0
0
0
0
0
0
0
0
0
0
0
0
0
0
0
0
0
0
0
0
0
0
0
0
0
0
0
0
0
0
0
0
0
0
0
0
0
0
0
0
0
0
0
0
0
0
0
0
0
0
0
0
0
0
0
0
0
0
0
0
0
0
0
0
0
0
0
0
0
0
0
0
0
0
0
0
0
0
0
0
0
0
0
0
0
0
0
0
0
0
0
0
0
0
0
0
0
0
0
0
0
0
0
0
0
0
0
0
0
0
0
0
0
0
0
0
0
0
0
0
0
0
0
0
0
0
0
0
0
0
0
0
0
0
0
0
0
0
0
0
0
0
0
0
0
0
0
0
0
0
0
0
0
0
0
0
0
0
0
0
0
0
0
0
0
0
0
0
0
0
0
0
0
0
0
0
0
0
0
0
0
0
0
0
0
0
0
0
0
0
0
0
0
0
0
0
0
0
0
0
0
0
0
0
0
0
0
0
0
0
0
0
0
0
0
0
0
0
0
0
0
0
0
0
0
0
0
0
0
0
0
0
0
0
0
0
0
0
0
0
0
0
0
0
0
0
0
0
0
0
0
0
0
0
0
0
0
0
0
0
0
0
0
0
0
0
0
0
0
0
0
0
0
0
0
0
0
0
0
0
0
0
0
0
0
0
0
0
0
0
0
0
0
0
0
0
0
0
0
0
0
0
0
0
0
0
0
0
0
0
0
0
0
0
0
0
0
0
0
0
0
0
0
0
0
0
0
0
0
0
0
0
0
0
0
0
0
0
0
0
0
0
0
0
0
0
0
0
0
0
0
0
0
0
0
0
0
0
0
0
0
0
0
0
0
0
0
0
0
0
0
0
0
0
0
0
0
0
0
0
0
0
0
0
0
0
0
0
0
0
0
0
0
0
0
0
0
0
0
0
0
0
0
0
0
0
0
0
0
0
0
0
0
0
0
0
0
0
0
0
0
0
0
0
0
0
0
0
0
0
0
0
0
0
0
0
0
0
0
0
0
0
0
0
0
0
0
0
0
0
0
0
0
0
0
0
0
0
0
0
0
0
0
0
0
0
0
0
0
0
0
0
0
0
0
0
0
0
0
0
0
0
0
0
0
0
0
0
0
0
0
0
0
0
0
0
0
0
0
0
0
0
0
0
0
0
0
0
0
0
0
0
0
0
0
0
0
0
0
0
0
0
0
0
0
0
0
0
0
0
0
0
0
0
0
0
0
0
0
0
0
0
0
0
0
0
0
0
0
0
0
0
0
0
0
0
0
0
0
0
0
0
0
0
0
0
0
0
0
0
0
0
0
0
0
0
0
0
0
0
0
0
0
0
0
0
0
0
0
0
0
0
0
0
0
0
0
0
0
0
0
0
0
0
0
0
0
0
0
0
0
0
0
0
0
0
0
0
0
0
0
0
0
0
0
0
0
0
0
0
0
0
0
0
0
0
0
0
0
0
0
0
0
0
0
0
0
0
0
0
0
0
0
0
0
0
0
0
0
0
0
0
0
0
0
0
0
0
0
0
0
0
0
0
0
0
0
0
0
0
0
0
0
0
0
0
0
0
0
0
0
0
0
0
0
0
0
0
0
0
0
0
0
0
0
0
0
0
0
0
0
0
0
0
0
0
0
0
0
0
0
0
0
0
0
0
0
0
0
0
0
0
0
0
0
0
0
0
0
0
0
0
0
0
0
0
0
0
0
0
0
0
0
0
0
0
0
0
0
0
0
0
0
0
0
0
0
0
0
0
0
0
0
0
0
0
0
0
0
0
0
0
0
0
0
0
0
0
0
0
0
0
0
0
0
0
0
0
0
0
0
0
0
0
0
0
0
0
0
0
0
0
0
0
0
0
0
0
0
0
0
0
0
0
0
0
0
0
0
0
0
0
0
0
0
0
0
0
0
0
0
0
0
0
0
0
0
0
0
0
0
0
0
0
0
0
0
0
0
0
0
0
0
0
0
0
0
0
0
0
0
0
0
0
0
0
0
0
0
0
0
0
0
0
0
0
0
0
0
0
0
0
0
0
0
0
0
0
0
0
0
0
0
0
0
0
0
0
0
0
0
0
0
0
0
0
0
0
0
0
0
0
0
0
0
0
0
0
0
0
0
0
0
0
0
0
0
0
0
0
0
0
0
0
0
0
0
0
0
0
0
0
0
0
0
0
0
0
0
0
0
0
0
0
0
0
0
0
0
0
0
0
0
0
0
0
0
0
0
0
0
0
0
0
0
0
0
0
0
0
100
110
1
1
241
156
15
0
53
